
strategic_region={
	id=197
	name="STRATEGICREGION_197"
	provinces={
		650 1449 1555 1568 1596 1613 1624 1626 1639 1641 1654 2106 2136 2149 2152 2158 2160 2161 2169 2172 2173 2174 2179 2194 2195 2199 2208 2209 2215 2224 4457 4573 4602 4643 5118 5121 5131 5143 5146 5152 5159 5163 5165 5169 5171 5173 5179 5184 5191 5192 5200 5201 5209 5213 5215 5219 5228 5229 7500 7550 7621 8157 8161 8169 8176 8187 8192 8194 8195 8198 8203 8208 8215 8216 8217 8218 8222 8224 8229 8231 8238 8240 8251 8253 8255 8913 10347 10362 10375 10390 10402 10418 10502 10515 10924 10935 10938 10943 10944 10952 10953 10961 10964 10965 10973 10975 10981 10985 10986 10987 10992 11000 11001 11005 11007 11009 11021 11022 11023 12306 12321 12336 12349 12351 12364 12379 12394 12409 12440 12453 12468 12481 12494 12496 12901 12902 12914 12916 12920 12922 12928 12930 12942 12943 12946 12951 12952 12954 12964 12970 12973 12978 12979 12982 12984 12994 12998 13000 13134 13215 13216 13217 13218 13219 13220 13221 13222 13223 13224 13225 13226 13227 13228 13229 13230 13231 13232 13233 13234 13235 13236 13237 13238 13239 13240 13241 13242 13243 13244 13245 13247 13248 13249 13251 13252 13253 13255 13256 13257 13262 13498 13499 13500 13501 13502 13503 13504 13505 13506 13507 13508 13509 13510 13511 13513 13518 13548 
	}
	weather={
	}
}
